5388.0
9744.0
9776.0
9837.0
9738.0
9928.0
10010.0
10068.0
9900.0
9916.0
10102.0
10032.0
10050.0
10072.0
10069.0
10027.0
10088.0
10049.0
10054.0
10068.0
10092.0
10062.0
10051.0
10030.0
10114.0
10133.0
10052.0
10153.0
10148.0
10076.0
10108.0
10156.0
10125.0
10145.0
10116.0
10116.0
10177.0
10144.0
10168.0
10161.0
10131.0
10139.0
10102.0
7946.0
2878.0
2623.0
340.0
520.0
493.0
379.0
320.0
425.0
423.0
433.0
507.0
479.0
464.0
425.0
472.0
577.0
643.0
530.0
547.0
709.0
554.0
716.0
569.0
759.0
955.0
998.0
930.0
1164.0
1092.0
1350.0
1380.0
1463.0
1567.0
1839.0
2110.0
2784.0
4301.0
