4808.0
454.0
422.0
357.0
457.0
265.0
186.0
123.0
294.0
279.0
94.0
167.0
142.0
126.0
129.0
168.0
108.0
144.0
140.0
129.0
103.0
134.0
149.0
167.0
77.0
64.0
143.0
44.0
46.0
121.0
87.0
40.0
73.0
49.0
80.0
84.0
19.0
53.0
27.0
34.0
64.0
61.0
93.0
2251.0
7318.0
7571.0
9852.0
9677.0
9707.0
9817.0
9875.0
9772.0
9774.0
9764.0
9691.0
9718.0
9734.0
9769.0
9724.0
9618.0
9555.0
9667.0
9650.0
9490.0
9644.0
9481.0
9624.0
9437.0
9240.0
9200.0
9268.0
9030.0
9099.0
8844.0
8814.0
8733.0
8627.0
8361.0
8088.0
7412.0
5873.0
